X =

 Columns 1 through 10:

  1.0000e+000  5.1267e-002  6.9956e-001  2.6283e-003  3.5864e-002  4.8938e-001  1.3475e-004  1.8387e-003  2.5089e-002  3.4235e-001
  1.0000e+000  -9.2742e-002  6.8494e-001  8.6011e-003  -6.3523e-002  4.6914e-001  -7.9768e-004  5.8912e-003  -4.3509e-002  3.2133e-001
  1.0000e+000  -2.1371e-001  6.9225e-001  4.5672e-002  -1.4794e-001  4.7921e-001  -9.7606e-003  3.1616e-002  -1.0241e-001  3.3173e-001
  1.0000e+000  -3.7500e-001  5.0219e-001  1.4062e-001  -1.8832e-001  2.5219e-001  -5.2734e-002  7.0620e-002  -9.4573e-002  1.2665e-001
  1.0000e+000  -5.1325e-001  4.6564e-001  2.6343e-001  -2.3899e-001  2.1682e-001  -1.3520e-001  1.2266e-001  -1.1128e-001  1.0096e-001
  1.0000e+000  -5.2477e-001  2.0980e-001  2.7538e-001  -1.1010e-001  4.4016e-002  -1.4451e-001  5.7775e-002  -2.3098e-002  9.2346e-003
  1.0000e+000  -3.9804e-001  3.4357e-002  1.5844e-001  -1.3675e-002  1.1804e-003  -6.3064e-002  5.4434e-003  -4.6985e-004  4.0555e-005
  1.0000e+000  -3.0588e-001  -1.9225e-001  9.3563e-002  5.8805e-002  3.6960e-002  -2.8619e-002  -1.7987e-002  -1.1305e-002  -7.1056e-003
  1.0000e+000  1.6705e-002  -4.0424e-001  2.7906e-004  -6.7528e-003  1.6341e-001  4.6616e-006  -1.1281e-004  2.7298e-003  -6.6057e-002
  1.0000e+000  1.3191e-001  -5.1389e-001  1.7400e-002  -6.7787e-002  2.6408e-001  2.2953e-003  -8.9418e-003  3.4835e-002  -1.3571e-001
  1.0000e+000  3.8537e-001  -5.6506e-001  1.4851e-001  -2.1776e-001  3.1929e-001  5.7231e-002  -8.3917e-002  1.2305e-001  -1.8042e-001
  1.0000e+000  5.2938e-001  -5.2120e-001  2.8024e-001  -2.7591e-001  2.7165e-001  1.4836e-001  -1.4606e-001  1.4381e-001  -1.4158e-001
  1.0000e+000  6.3882e-001  -2.4342e-001  4.0809e-001  -1.5550e-001  5.9253e-002  2.6070e-001  -9.9338e-002  3.7852e-002  -1.4423e-002
  1.0000e+000  7.3675e-001  -1.8494e-001  5.4280e-001  -1.3625e-001  3.4203e-002  3.9991e-001  -1.0039e-001  2.5199e-002  -6.3255e-003
  1.0000e+000  5.4666e-001  4.8757e-001  2.9884e-001  2.6654e-001  2.3772e-001  1.6336e-001  1.4570e-001  1.2995e-001  1.1591e-001
  1.0000e+000  3.2200e-001  5.8260e-001  1.0368e-001  1.8760e-001  3.3942e-001  3.3386e-002  6.0406e-002  1.0929e-001  1.9775e-001
  1.0000e+000  1.6647e-001  5.3874e-001  2.7712e-002  8.9684e-002  2.9024e-001  4.6133e-003  1.4930e-002  4.8316e-002  1.5636e-001
  1.0000e+000  -4.6659e-002  8.1652e-001  2.1771e-003  -3.8098e-002  6.6670e-001  -1.0158e-004  1.7776e-003  -3.1108e-002  5.4438e-001
  1.0000e+000  -1.7339e-001  6.9956e-001  3.0064e-002  -1.2130e-001  4.8938e-001  -5.2128e-003  2.1032e-002  -8.4854e-002  3.4235e-001
  1.0000e+000  -4.7869e-001  6.3377e-001  2.2914e-001  -3.0338e-001  4.0166e-001  -1.0969e-001  1.4522e-001  -1.9227e-001  2.5456e-001
  1.0000e+000  -6.0541e-001  5.9722e-001  3.6652e-001  -3.6156e-001  3.5667e-001  -2.2190e-001  2.1889e-001  -2.1593e-001  2.1301e-001
  1.0000e+000  -6.2846e-001  3.3406e-001  3.9496e-001  -2.0994e-001  1.1160e-001  -2.4822e-001  1.3194e-001  -7.0134e-002  3.7280e-002
  1.0000e+000  -5.9389e-001  5.1170e-003  3.5271e-001  -3.0389e-003  2.6184e-005  -2.0947e-001  1.8048e-003  -1.5550e-005  1.3398e-007
  1.0000e+000  -4.2108e-001  -2.7266e-001  1.7731e-001  1.1481e-001  7.4343e-002  -7.4661e-002  -4.8345e-002  -3.1305e-002  -2.0270e-002
  1.0000e+000  -1.1578e-001  -3.9693e-001  1.3405e-002  4.5957e-002  1.5755e-001  -1.5520e-003  -5.3208e-003  -1.8242e-002  -6.2538e-002
  1.0000e+000  2.0104e-001  -6.0161e-001  4.0417e-002  -1.2095e-001  3.6193e-001  8.1255e-003  -2.4315e-002  7.2763e-002  -2.1774e-001
  1.0000e+000  4.6601e-001  -5.3582e-001  2.1717e-001  -2.4970e-001  2.8710e-001  1.0120e-001  -1.1636e-001  1.3379e-001  -1.5384e-001
  1.0000e+000  6.7339e-001  -5.3582e-001  4.5345e-001  -3.6082e-001  2.8710e-001  3.0535e-001  -2.4297e-001  1.9333e-001  -1.5384e-001
  1.0000e+000  -1.3882e-001  5.4605e-001  1.9271e-002  -7.5803e-002  2.9817e-001  -2.6752e-003  1.0523e-002  -4.1392e-002  1.6282e-001
  1.0000e+000  -2.9435e-001  7.7997e-001  8.6642e-002  -2.2958e-001  6.0835e-001  -2.5503e-002  6.7578e-002  -1.7907e-001  4.7450e-001
  1.0000e+000  -2.6555e-001  9.6272e-001  7.0517e-002  -2.5565e-001  9.2683e-001  -1.8726e-002  6.7888e-002  -2.4612e-001  8.9228e-001
  1.0000e+000  -1.6187e-001  8.0190e-001  2.6202e-002  -1.2980e-001  6.4304e-001  -4.2413e-003  2.1011e-002  -1.0409e-001  5.1566e-001
  1.0000e+000  -1.7339e-001  6.4839e-001  3.0064e-002  -1.1242e-001  4.2041e-001  -5.2128e-003  1.9493e-002  -7.2895e-002  2.7259e-001
  1.0000e+000  -2.8283e-001  4.7295e-001  7.9993e-002  -1.3376e-001  2.2368e-001  -2.2624e-002  3.7833e-002  -6.3264e-002  1.0579e-001
  1.0000e+000  -3.6348e-001  3.1213e-001  1.3212e-001  -1.1345e-001  9.7425e-002  -4.8022e-002  4.1238e-002  -3.5412e-002  3.0409e-002
  1.0000e+000  -3.0012e-001  2.7047e-002  9.0072e-002  -8.1173e-003  7.3154e-004  -2.7032e-002  2.4362e-003  -2.1955e-004  1.9786e-005
  1.0000e+000  -2.3675e-001  -2.1418e-001  5.6051e-002  5.0707e-002  4.5873e-002  -1.3270e-002  -1.2005e-002  -1.0860e-002  -9.8251e-003
  1.0000e+000  -6.3940e-002  -1.8494e-001  4.0883e-003  1.1825e-002  3.4203e-002  -2.6141e-004  -7.5609e-004  -2.1869e-003  -6.3255e-003
  1.0000e+000  6.2788e-002  -1.6301e-001  3.9423e-003  -1.0235e-002  2.6572e-002  2.4753e-004  -6.4264e-004  1.6684e-003  -4.3315e-003
  1.0000e+000  2.2984e-001  -4.1155e-001  5.2826e-002  -9.4591e-002  1.6937e-001  1.2142e-002  -2.1741e-002  3.8929e-002  -6.9706e-002
  1.0000e+000  2.9320e-001  -2.2880e-001  8.5966e-002  -6.7084e-002  5.2349e-002  2.5205e-002  -1.9669e-002  1.5349e-002  -1.1978e-002
  1.0000e+000  4.8329e-001  -1.8494e-001  2.3357e-001  -8.9380e-002  3.4203e-002  1.1288e-001  -4.3196e-002  1.6530e-002  -6.3255e-003
  1.0000e+000  6.4459e-001  -1.4108e-001  4.1550e-001  -9.0939e-002  1.9904e-002  2.6782e-001  -5.8618e-002  1.2830e-002  -2.8080e-003
  1.0000e+000  4.6025e-001  1.2427e-002  2.1183e-001  5.7195e-003  1.5443e-004  9.7495e-002  2.6324e-003  7.1077e-005  1.9191e-006
  1.0000e+000  6.2730e-001  1.5863e-001  3.9351e-001  9.9509e-002  2.5163e-002  2.4685e-001  6.2422e-002  1.5785e-002  3.9917e-003
  1.0000e+000  5.7546e-001  2.6827e-001  3.3115e-001  1.5438e-001  7.1969e-002  1.9057e-001  8.8839e-002  4.1415e-002  1.9307e-002
  1.0000e+000  7.2523e-001  4.4371e-001  5.2596e-001  3.2179e-001  1.9688e-001  3.8144e-001  2.3337e-001  1.4278e-001  8.7357e-002
  1.0000e+000  2.2408e-001  5.2412e-001  5.0212e-002  1.1744e-001  2.7470e-001  1.1251e-002  2.6317e-002  6.1555e-002  1.4398e-001
  1.0000e+000  4.4297e-001  6.7032e-001  1.9622e-001  2.9693e-001  4.4933e-001  8.6921e-002  1.3153e-001  1.9904e-001  3.0119e-001
  1.0000e+000  3.2200e-001  6.9225e-001  1.0368e-001  2.2290e-001  4.7921e-001  3.3386e-002  7.1775e-002  1.5431e-001  3.3173e-001
  1.0000e+000  1.3767e-001  5.7529e-001  1.8953e-002  7.9200e-002  3.3096e-001  2.6093e-003  1.0903e-002  4.5563e-002  1.9040e-001
  1.0000e+000  -6.3364e-003  3.9985e-001  4.0150e-005  -2.5336e-003  1.5988e-001  -2.5441e-007  1.6054e-005  -1.0131e-003  6.3928e-002
  1.0000e+000  -9.2742e-002  5.5336e-001  8.6011e-003  -5.1320e-002  3.0621e-001  -7.9768e-004  4.7595e-003  -2.8398e-002  1.6944e-001
  1.0000e+000  -2.0795e-001  3.5599e-001  4.3243e-002  -7.4028e-002  1.2673e-001  -8.9924e-003  1.5394e-002  -2.6353e-002  4.5114e-002
  1.0000e+000  -2.0795e-001  1.7325e-001  4.3243e-002  -3.6027e-002  3.0016e-002  -8.9924e-003  7.4919e-003  -6.2417e-003  5.2002e-003
  1.0000e+000  -4.3836e-001  2.1711e-001  1.9216e-001  -9.5172e-002  4.7137e-002  -8.4235e-002  4.1720e-002  -2.0663e-002  1.0234e-002
  1.0000e+000  -2.1947e-001  -1.6813e-002  4.8167e-002  3.6899e-003  2.8268e-004  -1.0571e-002  -8.0983e-004  -6.2039e-005  -4.7526e-006
  1.0000e+000  -1.3882e-001  -2.7266e-001  1.9271e-002  3.7851e-002  7.4343e-002  -2.6752e-003  -5.2544e-003  -1.0320e-002  -2.0270e-002
  1.0000e+000  1.8376e-001  9.3348e-001  3.3768e-002  1.7154e-001  8.7138e-001  6.2052e-003  3.1522e-002  1.6013e-001  8.1342e-001
